1110111101111010010011001100101011010101100001000100000100010110
0011110010010100000011111100110111010010101111110011100000011001
1100110011101111100010010101100110110111010101010011010000000010
1011100110110100011011111111101000111010000010010101010100110001
1100110010011101000110010111010100100101000111001011010111010001
0110010010111111100010100110111100011011010001101100111100010100
0011010100101000101010010000111110101111000100011110110110011101
1111100100001010100000011000111000110000010111110010011110001111
0010011101001011001000010001111110001110010111011101001001010111
1110000000011011010011010000110001100110011110011110001100101100
1101111100001110011010110110000110000110000110111010111101101100
